150
1093
1070
951
334
838
661
592
249
883
118
898
901
61
412
137
853
741
501
832
243
286
311
60
612
388
227
172
978
574
483
971
192
1102
1069
1018
244
571
594
575
62
394
884
1110
450
989
650
213
514
999
351
561
43
463
203
131
1169
471
888
56
1071
126
1037
530
122
8
335
739
743
967
147
5
341
503
1050
931
176
794
461
722
80
346
85
409
791
723
22
299
1109
260
959
1138
99
673
398
521
1164
804
1163
210
270
771
757
639
205
115
697
577
962
807
199
66
403
1194
964
941
550
646
909
839
444
772
407
537
1040
1132
966
237
217
879
267
897
245
840
160
552
687
268
480
168
735
220
855
1105
1208
513
1172
780
370
681
439
854
77
1084
847
715
470
333
919
1028
448
262
1184
1017
796
754
869
570
38
498
318
1096
163
1197
910
509
899
589
479
549
627
626
631
670
108
356
417
68
1046
805
810
811
630
943
915
1065
430
658
496
15
392
1161
842
617
208
916
436
79
890
338
628
271
540
84
259
246
906
201
580
339
445
821
590
736
179
1188
500
1035
690
350
1081
1113
610
937
257
494
1134
539
1142
1187
691
720
349
17
682
1079
366
242
949
452
123
337
70
1023
1181
1202
956
264
1075
143
121
542
680
608
529
1189
129
1008
146
406
700
348
377
518
130
748
762
427
711
928
815
802
1156
927
248
1011
302
149
704
313
1201
209
954
362
376
603
689
583
97
744
361
254
326
759
863
1021
694
1192
643
806
944
924
255
19
926
1207
828
393
814
1166
432
960
405
87
851
997
428
279
649
830
961
566
1019
939
751
120
1052
1078
994
42
190
12
848
399
285
347
438
372
86
35
803
826
154
856
1095
902
812
1193
886
824
28
1064
998
332
792
799
834
822
88
69
466
778
918
692
454
156
544
211
1087
1022
95
819
182
745
512
942
793
642
556
881
507
1082
325
24
701
457
83
294
665
112
678
1029
355
195
309
1041
40
761
114
1128
865
938
1067
1077
776
564
277
76
232
319
947
733
51
972
979
797
825
563
1119
189
660
239
992
656
621
1003
162
13
474
1120
1015
363
54
672
312
475
1160
977
1155
263
170
553
1085
779
484
321
1026
632
425
159
914
1112
420
295
296
400
990
985
446
328
1124
449
925
1083
731
157
382
26
929
1080
92
152
774
90
174
582
651
950
738
667
894
1133
342
458
194
281
798
852
579
486
464
191
1180
783
588
63
870
269
437
982
478
178
373
1103
59
859
1185
662
276
214
379
226
1
23
602
554
844
1066
431
541
747
706
1125
730
1154
873
365
515
1010
125
1054
434
569
917
180
258
623
414
655
524
322
1123
760
506
573
1076
593
740
48
1173
1139
536
871
45
609
1099
502
288
273
1127
1157
634
742
817
219
107
948
683
305
371
422
235
1205
648
383
367
224
1057
1137
229
447
734
511
746
702
728
784
963
1190
171
390
1014
1152
1121
987
1047
647
1009
231
74
601
418
782
714
134
292
1089
1073
946
1101
548
522
2
212
1106
485
969
1030
265
105
596
699
1088
1091
404
391
637
20
858
703
833
344
234
375
459
1168
912
528
546
368
984
128
755
777
598
82
93
402
666
981
688
558
9
469
1092
867
497
316
932
166
336
787
976
197
557
597
831
289
584
1147
364
4
1174
468
451
1007
698
284
423
770
808
1038
620
727
922
1034
1175
493
53
1171
386
148
34
891
280
705
215
387
1183
1039
765
1016
868
204
109
565
183
55
378
193
181
357
1196
980
10
607
360
907
57
153
415
473
30
67
750
456
801
413
127
517
18
955
47
619
876
636
586
1114
652
800
953
340
645
763
300
490
381
419
713
186
16
32
764
119
1059
904
310
353
1107
604
467
1150
523
629
710
117
696
973
786
775
923
1002
756
481
568
221
75
795
324
306
1115
505
829
968
416
111
395
862
94
1130
315
835
773
725
138
133
136
880
104
921
567
1135
732
1053
98
562
668
218
576
767
358
345
424
752
1198
132
1104
173
846
903
532
236
1178
442
307
996
585
1200
543
465
1004
1182
1013
510
533
555
895
717
37
1055
329
1044
499
850
1117
455
885
986
139
293
753
33
721
1195
606
1151
1118
304
940
614
1143
330
679
216
135
587
1032
788
151
331
441
317
1012
965
476
1191
1020
988
893
624
708
1199
712
622
644
920
635
1136
225
1000
222
241
274
272
1122
1063
140
308
187
233
1158
993
958
124
613
161
435
1090
1206
766
616
78
737
81
1031
1148
52
813
113
605
343
1006
207
354
1027
664
64
685
657
185
837
781
453
11
462
1149
983
287
936
724
882
900
223
849
896
1051
240
396
675
827
1145
188
1062
578
878
935
25
874
101
491
1141
359
106
508
769
29
633
930
282
440
352
758
663
141
1131
290
676
872
91
1209
995
1111
247
768
816
200
726
671
857
291
599
252
933
1048
1043
202
545
429
142
1097
684
238
535
618
167
1108
1068
6
1058
65
693
196
866
820
230
301
843
695
492
71
875
1074
1177
611
169
1179
790
41
1146
836
31
581
841
89
275
1049
73
27
1126
547
144
21
861
261
504
49
256
559
638
1140
526
654
892
314
591
1170
1001
729
823
198
809
1094
408
165
50
991
860
934
397
110
1144
1176
1203
520
1129
283
36
472
116
72
460
411
749
39
488
1024
96
538
298
443
1072
303
155
1045
297
482
1042
653
686
785
845
864
401
527
410
1153
1116
489
251
103
102
177
952
266
716
320
175
385
1061
560
534
184
957
709
384
641
595
421
1098
1165
1186
389
46
572
1100
1159
433
7
1005
669
908
58
945
677
718
531
145
1060
1162
975
477
14
913
369
905
44
250
1056
206
974
158
889
380
3
877
789
1025
278
911
253
374
625
1204
487
640
1036
100
495
519
228
1033
659
674
551
818
516
164
323
970
707
426
719
1086
600
615
525
887
1167
327
